Vernier Format 2
Sin título.cmbl 7/05/2025 14:36:04 .
Último
Tiempo	Posición	Velocidad 1	Aceleración 1	Angulo	Velocidad 2	Aceleración 2
t	x	v 1	a 1	Angulo	v 2	a 2
s	m	m/s	m/s²	rad	rad/s	rad/s²

0.033333	0.408856	-0.00828924955916	0.396339662865	0.0174532925199	0.349069341092	-7.90989340438
0.066666	0.4083415	0.00292982096488	0.474576192865	0.0349065850399	0.109084169091	-8.59834260047
0.099999	0.408513	0.020408704087	0.568998359077	0.0349065850399	-0.22689507171	-8.86863163344
0.133332	0.409542	0.0424466744667	0.620068269359	0.0174532925199	-0.50905945576	-8.46137999632
0.166665	0.4114285	0.0638843888439	0.608253588622	0	-0.785406017458	-8.14139656715
0.199998	0.4138295	0.0838929222626	0.558958262443	-0.0349065850399	-1.04720802328	-7.90746928749
0.233331	0.417088	0.101614766148	0.487236480792	-0.0698131700798	-1.3090100291	-7.7692946249
0.266664	0.4206895	0.116192411924	0.410893634498	-0.12217304764	-1.57081203492	-7.33295358512
0.299997	0.4248055	0.130341303413	0.291794030296	-0.174532925199	-1.81806948486	-6.19361864793
0.33333	0.4296075	0.137058453918	0.129342170164	-0.244346095279	-2.02169326716	-4.01191344905
0.366663	0.4340665	0.138916389164	-0.0346579848229	-0.314159265359	-2.07987149067	-2.09686110781
0.399996	0.43904	0.134343010097	-0.17995950195	-0.383972435439	-2.10896060243	-1.67264065247
0.433329	0.443156	0.125196251963	-0.261900029641	-0.453785605519	-2.15259427007	-2.33927279657
0.466662	0.4474435	0.114477394774	-0.269165105497	-0.523598775598	-2.29803982886	-2.19382578332
0.499995	0.450702	0.105616472831	-0.227956642443	-0.610865238198	-2.34167349649	-0.836320326237
0.533328	0.4543035	0.101471848052	-0.237841909592	-0.680678408278	-2.34167349649	0.121205844382
0.566661	0.4577335	0.0907529908632	-0.275120085708	-0.767944870877	-2.31258438474	0.0969646755053
0.599994	0.460306	0.0811774784415	-0.270117902331	-0.837758040957	-2.23986160534	-2.65440799197
0.633327	0.46305	0.0734599012657	-0.289054739399	-0.907571211037	-2.44348538765	-6.33906566119
0.66666	0.4652795	0.0634556345563	-0.352653928043	-0.994837673637	-2.79255472874	-6.32694507675
0.699993	0.4673375	0.0511646783135	-0.453054894386	-1.09955742876	-2.99617851104	-2.55744331646
0.733326	0.468881	0.032871162045	-0.539402107433	-1.20427718388	-2.92345573165	0.618149806349
0.766659	0.469567	0.013148464818	-0.560959135793	-1.29154364648	-2.87982206401	1.79384649686
0.799992	0.4697385	-0.0062883962173	-0.521298967594	-1.3962634016	-2.8216438405	3.07862844731
0.833325	0.4690525	-0.0224381410481	-0.447099914176	-1.4835298642	-2.66165372583	3.91494877354
0.866658	0.468195	-0.0364441144411	-0.360752701129	-1.57079632679	-2.55984183468	4.66642500871
0.899991	0.46648	-0.0461625449588	-0.279526771063	-1.65806278939	-2.35621805237	5.44214241276
0.933324	0.465108	-0.0543088764221	-0.219381470941	-1.72787595947	-2.15259427007	5.05428371074
0.966657	0.4628785	-0.0621693716937	-0.134701652353	-1.79768912955	-2.03623782304	4.90883669748
0.99999	0.460649	-0.0617406174062	-0.100877364759	-1.86750229963	-1.83261404073	4.59370150208
1.033323	0.458934	-0.0657423240899	-0.156854178735	-1.91986217719	-1.65807937019	2.35139338101
1.066656	0.4563615	-0.0724594745947	-0.213783789543	-1.97222205475	-1.64353481431	-0.666632144102
1.099989	0.454132	-0.0806058060581	-0.25761244389	-2.02458193231	-1.77443581722	-1.75748474354
1.133322	0.451045	-0.0907529908632	-0.268331408268	-2.09439510239	-1.81806948486	-1.13933493719
1.166655	0.447958	-0.0978988956556	-0.289292938608	-2.14675497995	-1.83261404073	-0.836320326236
1.199988	0.4446995	-0.109761097611	-0.314899353511	-2.21656815003	-1.84715859661	-1.22417902826
1.233321	0.4405835	-0.120194118608	-0.306443281613	-2.26892802759	-1.89079226425	-2.18170519888
1.266654	0.436639	-0.12976963103	-0.301679297445	-2.33874119767	-2.03623782304	-1.83020825017
1.299987	0.4320085	-0.14077432441	-0.273809990061	-2.40855436775	-2.0653269348	-2.61645175922E-13
1.33332	0.4272065	-0.149778164448	-0.196752546142	-2.47836753783	-2.03623782304	1.83020825017
1.366653	0.42189	-0.154637379707	-0.102068360801	-2.54818070791	-1.89079226425	2.16958461444
1.399986	0.416745	-0.154923215899	-0.0571678100172	-2.60054058547	-1.84715859661	1.12721435275
1.433319	0.4116	-0.156066560666	-0.0820596272954	-2.67035375555	-1.83261404073	0.351496948709
1.466652	0.406455	-0.160068267349	-0.123744488766	-2.72271363311	-1.83261404073	-0.254532273203
1.499985	0.400967	-0.165642073087	-0.135416249978	-2.79252680319	-1.84715859661	-0.727235066293
1.533318	0.3953075	-0.168929189292	-0.145897015148	-2.84488668075	-1.87624770837	-1.18781727494
1.566651	0.3898195	-0.174931749317	-0.163761955778	-2.91469985083	-1.97805959952	-0.424220455337
1.599984	0.3836455	-0.181077227439	-0.148636306045	-2.98451302091	-1.89079226425	-0.0484823377529
1.633317	0.377643	-0.184507261739	-0.13744094325	-3.03687289847	-1.90533682013	-1.53931422365
1.66665	0.371469	-0.190652739861	-0.115169317264	-3.10668606855	-2.03623782304	-2.01201701674
1.699983	0.3647805	-0.192653593203	-0.0883719063182	-3.17649923863	-2.07987149067	-1.58779656141
1.733316	0.3586065	-0.194511528449	-0.121243397078	-3.24631240871	-2.10896060243	-1.99989643231
1.766649	0.351918	-0.199513661803	-0.187462777015	-3.31612557879	-2.16713882595	-3.59981357815
1.799982	0.345401	-0.207374157075	-0.241533997322	-3.38593874887	-2.35621805237	-5.1391278018
1.833315	0.338198	-0.218093014263	-0.226051048776	-3.47320521147	-2.55984183468	-5.58758942602
1.866648	0.330652	-0.223523901906	-0.171146131239	-3.56047167407	-2.69074283759	-7.11478306523
1.899981	0.3232775	-0.228240199069	-0.119695102223	-3.64773813667	-2.96708939928	-10.3752202791
1.933314	0.31556	-0.234242759094	0.0489499373272	-3.75245789179	-3.40342607565	-13.3447634665
1.966647	0.3074995	-0.232956496232	0.488546576438	-3.87463093943	-3.89794097553	-15.1870923011
1.99998	0.299439	-0.2099466828	1.20933738107	-4.01425727959	-4.37791131953	-16.9203358757
2.033313	0.2927505	-0.15763865972	2.07280951154	-4.15388361975	-5.13422822523	-14.6174248325
2.066646	0.287777	-0.0677431774318	2.74869976539	-4.36332312999	-5.64328768099	-4.13311929343
2.099979	0.287434	0.0455908725754	2.77716457079	-4.55530934771	-5.42511934281	7.09054189636
2.133312	0.29155	0.137630126301	2.15475003923	-4.7298422729	-4.97423811056	12.9326635956
2.166645	0.297724	0.193654019874	1.34284803738	-4.88692190558	-4.45063409893	14.605304248
2.199978	0.30527	0.220379703797	0.711858334318	-5.02654824574	-3.94157464317	13.5508134019
2.233311	0.312816	0.231098560986	0.393862391097	-5.14872129338	-3.49069341092	10.6176319679
2.266644	0.3205335	0.242389090558	0.238556507217	-5.2534410485	-3.21434684922	7.17538598742
2.299977	0.3291085	0.248534568679	0.0757473482727	-5.35816080362	-3.08344584632	5.61183059489
2.33331	0.3373405	0.247534142008	-0.0796776352114	-5.46288055874	-2.87982206401	5.22397189287
2.366643	0.345744	0.241531581982	-0.188891972265	-5.55014702134	-2.69074283759	4.03615461793
2.399976	0.3534615	0.233671086711	-0.254873152993	-5.63741348394	-2.61802005819	3.24831662944
2.433309	0.3613505	0.224667246672	-0.316209449157	-5.72467994654	-2.5452972788	4.33916922888
2.466642	0.3685535	0.212090454238	-0.364087490047	-5.81194640914	-2.34167349649	5.76939819259
2.499975	0.3754135	0.200799924666	-0.421969897689	-5.88175957922	-2.10896060243	5.76939819259
2.533308	0.382102	0.184507261739	-0.487593779605	-5.9515727493	-1.90533682013	4.33916922888
2.566641	0.3877615	0.16692833595	-0.509508106778	-6.00393262686	-1.83261404073	3.236196045
2.599974	0.3932495	0.148777737777	-0.48009050454	-6.07374579694	-1.75989126134	3.93918994242
2.633307	0.397537	0.134343010097	-0.425781085024	-6.1261056745	-1.57081203492	4.69066617759
2.66664	0.4021675	0.121623299566	-0.393385992681	-6.17846555206	-1.38173280849	3.83010468248
2.699973	0.405769	0.106616899502	-0.317519544804	-6.2133721371	-1.3090100291	2.64228740753
2.733306	0.4090275	0.0988993223266	-0.199015438622	-6.26573201466	-1.25083180558	2.33927279658
2.766639	0.412286	0.0940401070677	-0.0944459861325	-6.3006385997	-1.11993080267	1.18781727494
2.799972	0.4152015	0.0931825984927	-0.00833697229417	-6.33554518474	-1.11993080267	-1.17569669051
2.833305	0.41846	0.0940401070677	0.0513319294112	-6.37045176978	-1.25083180558	-2.25442870551
2.866638	0.4213755	0.0974701413681	0.0833697229417	-6.42281164734	-1.3090100291	-2.23018753663
2.899971	0.424977	0.100900175668	0.0809877308576	-6.45771823238	-1.36718825261	-2.76349325191
2.933304	0.4282355	0.101328929956	0.113263723596	-6.51007810994	-1.5126338114	-2.86045792742
2.966637	0.431494	0.107903162365	0.152804792192	-6.5624379875	-1.57081203492	-2.8240961741
2.99997	0.4354385	0.114048640486	0.122077094307	-6.61479786506	-1.64353481431	-4.25432513781
3.033303	0.4392115	0.117192838595	0.0533566226827	-6.66715774262	-1.84715859661	-5.76939819259
3.066636	0.4433275	0.117478674787	-0.0195323350892	-6.7369709127	-2.07987149067	-5.84212169922
3.099969	0.4471005	0.115334903349	-0.0752709498559	-6.80678408278	-2.28349527298	-4.67854559315
3.133302	0.451045	0.11219070524	-0.121838895099	-6.89405054538	-2.37076260825	-3.97555169573
3.166635	0.4546465	0.106759817598	-0.161618162903	-6.96386371546	-2.4725744994	-5.11488663293
3.199968	0.4580765	0.102615192819	-0.236889112759	-7.05113017806	-2.76346561698	-5.0421631263
3.233301	0.461678	0.0927538442051	-0.363134693213	-7.15584993318	-2.86527750813	-3.56345182484
3.266634	0.464422	0.0774616079494	-0.469252440557	-7.24311639578	-2.93800028753	-3.59981357815
3.299967	0.466823	0.0613118631186	-0.568462410858	-7.3478361509	-3.09799040219	-3.91494877354
3.3333	0.4687095	0.0391595582622	-0.652070333008	-7.45255590602	-3.19980229335	-4.14523987787
3.366633	0.4693955	0.0170072534059	-0.707332549358	-7.55727566114	-3.38888151977	-3.68465766922
3.399966	0.46991	-0.00757465907992	-0.758068980748	-7.67944870878	-3.53432707856	-0.727235066293
3.433299	0.4690525	-0.0358724420578	-0.734487259116	-7.80162175641	-3.43251518741	2.26654928995
3.466632	0.4673375	-0.0591680916809	-0.634086292774	-7.90634151153	-3.34524785213	4.2179633845
3.499965	0.4649365	-0.0774616079494	-0.537139214953	-8.02851455917	-3.14162406983	5.68455410152
3.533298	0.4621925	-0.0944688613553	-0.446980814572	-8.11578102177	-2.92345573165	5.78151877703
3.566631	0.458591	-0.108903589036	-0.323831823826	-8.22050077689	-2.77801017286	6.09665397242
3.599964	0.4546465	-0.115334903349	-0.232006028986	-8.30776723949	-2.4725744994	5.03004254186
3.633297	0.4508735	-0.120765790991	-0.242367694552	-8.37758040957	-2.38530716413	2.4725992254
3.66663	0.4467575	-0.130055467221	-0.30013100259	-8.46484687217	-2.35621805237	1.19993785938
3.699963	0.4422985	-0.142346423464	-0.325380118681	-8.53466004225	-2.34167349649	0.896923248428
3.733296	0.4371535	-0.152493608269	-0.323831823826	-8.62192650485	-2.31258438474	1.12721435275
3.766629	0.43218	-0.163355383554	-0.328000309973	-8.69173967493	-2.21077249358	1.4025957804E-13
3.799962	0.426349	-0.176075094084	-0.290364835045	-8.76155284501	-2.31258438474	-1.10297318388
3.833295	0.420175	-0.182220572206	-0.264877519746	-8.84881930761	-2.34167349649	-0.727235066293
3.866628	0.414344	-0.191796084628	-0.282146962355	-8.91863247769	-2.35621805237	-0.33937636427
3.899961	0.407484	-0.203086614199	-0.244392387823	-9.00589894029	-2.35621805237	-0.0606029221915
3.933294	0.400624	-0.209660846608	-0.161618162903	-9.07571211037	-2.35621805237	0.072723506629
3.966627	0.393421	-0.213376717101	-0.0763428462937	-9.16297857297	-2.35621805237	0.436341039776
3.99996	0.3863895	-0.215091734251	0.0254873152993	-9.23279174305	-2.34167349649	1.2362996127
4.033293	0.379015	-0.213662553292	0.172337127281	-9.32005820565	-2.29803982886	2.67864916085
4.066626	0.371812	-0.202800778008	0.289888436629	-9.38987137573	-2.13804971419	3.41800481158
4.099959	0.3654665	-0.190509821765	0.302155695861	-9.45968454581	-2.05078237892	3.49072831821
4.133292	0.3592925	-0.18207765411	0.287030046128	-9.52949771589	-1.89079226425	3.10286961618
4.166625	0.35329	-0.172930895976	0.297629910902	-9.58185759345	-1.83261404073	2.38775513433
4.199958	0.3476305	-0.161211612116	0.282623360772	-9.65167076353	-1.77443581722	2.69076974528
4.233291	0.342657	-0.152207772078	0.224383654317	-9.70403064109	-1.62899025843	2.32715221214
4.266624	0.3376835	-0.14834898349	0.216761279648	-9.75639051865	-1.58535659079	1.078732015
4.299957	0.3325385	-0.13905930726	0.240700300093	-9.80875039621	-1.57081203492	0.0121205844387
4.33329	0.3284225	-0.130198385317	0.211163598251	-9.86111027377	-1.58535659079	-0.993887923934
4.366623	0.3239635	-0.124195825292	0.159236170819	-9.91347015133	-1.62899025843	-1.91505234124
4.399956	0.3201905	-0.11976536432	0.107308743386	-9.96583002889	-1.75989126134	-1.62415831472
4.433289	0.3160745	-0.118336183362	0.0844416193795	-10.035643199	-1.77443581722	-0.569667468596
4.466622	0.31213	-0.113334050007	0.0433522559297	-10.0880030765	-1.70171303782	-2.09686110781
4.499955	0.3087	-0.113619886199	-0.0298940006548	-10.1403629541	-1.86170315249	-5.12700721736
4.533288	0.3047555	-0.118479101458	-0.00440668535549	-10.2101761242	-2.09441604655	-6.99357722085
4.566621	0.3006395	-0.118479101458	0.155067684672	-10.2799892942	-2.35621805237	-7.98746514478
4.599954	0.2965235	-0.108903589036	0.363253792817	-10.3672557568	-2.63256461407	-8.37532384681
4.633287	0.293265	-0.0931825984927	0.568819709671	-10.4545222194	-2.92345573165	-8.01170631366
4.66662	0.2903495	-0.0747461641283	0.866449620572	-10.5592419746	-3.25798051686	-5.03004254186
4.699953	0.2876055	-0.036587032537	1.17146370693	-10.6814150222	-3.31615874038	-0.569667468596
4.733286	0.2876055	0.0110046933803	1.25423793186	-10.7861347773	-3.19980229335	1.32114370377
4.766619	0.2886345	0.0521651049844	1.16860531643	-10.8908545324	-3.15616862571	1.05449084612
4.799952	0.291207	0.0890379737131	1.04259793519	-10.9955742876	-3.14162406983	0.824199741799
4.833285	0.294637	0.121766217662	0.904799693126	-11.1002940427	-3.12707951395	1.2362996127
4.866618	0.299439	0.150206918736	0.754615092226	-11.2050137978	-3.08344584632	2.26654928995
4.899951	0.304927	0.170501288346	0.652904030238	-11.3097335529	-2.93800028753	2.25442870551
4.933284	0.310758	0.191224412244	0.61812694581	-11.3970000155	-2.89436661989	1.15145552163
4.966617	0.317618	0.212519208525	0.558577143709	-11.5017197706	-2.87982206401	0.436341039776
4.99995	0.3249925	0.231098560986	0.421612598876	-11.5889862332	-2.87982206401	0.169688182135
5.033283	0.3332245	0.242674926749	0.225693749964	-11.6937059884	-2.87982206401	0.436341039776
5.066616	0.3414565	0.245104534379	0.0637182882483	-11.780972451	-2.86527750813	1.15145552163
5.099949	0.3496885	0.243389517229	0.00285839050086	-11.8856922061	-2.8216438405	2.25442870551
5.133282	0.3575775	0.243389517229	-0.000357298812614	-11.9729586687	-2.67619828171	2.26654928995
5.166615	0.3658095	0.245676206762	-0.057048710413	-12.0602251313	-2.63256461407	1.2362996127
5.199948	0.374213	0.240959909599	-0.150303700503	-12.1474915939	-2.61802005819	0.836320326237
5.233281	0.3819305	0.234099840998	-0.206280514479	-12.2347580565	-2.60347550231	1.16357610607
5.266614	0.3898195	0.226382263823	-0.237841909592	-12.3220245191	-2.55984183468	1.92717292568
5.299947	0.3970225	0.218235932359	-0.260232635182	-12.4092909817	-2.42894083177	1.51507305478
5.33328	0.404397	0.209375010417	-0.284052556023	-12.4791041518	-2.41439627589	-0.0363617533151
5.366613	0.4110855	0.197798644653	-0.26273372687	-12.5663706144	-2.50166361116	-0.0121205844383
5.399946	0.417431	0.190652739861	-0.206756912895	-12.653637077	-2.41439627589	-0.0606029221908
5.433279	0.4237765	0.184364343643	-0.162809158945	-12.723450247	-2.42894083177	-2.02413760118
5.466612	0.4296075	0.181220145535	-0.162451860132	-12.8107167096	-2.57438639056	-3.49072831821
5.499945	0.435953	0.175503421701	-0.22247806065	-12.8979831722	-2.67619828171	-4.49673682658
5.533278	0.441441	0.165784991183	-0.274881886499	-12.9852496348	-2.87982206401	-5.03004254186
5.566611	0.446929	0.157209905432	-0.329905903641	-13.08996939	-3.06890129044	-4.09675754012
5.599944	0.452074	0.144061440614	-0.389455705742	-13.1946891451	-3.14162406983	-3.68465766922
5.633277	0.456533	0.130627139605	-0.436857348214	-13.2994089002	-3.2288914051	-5.56334825714
5.66661	0.4608205	0.115477821445	-0.512723796091	-13.4041286553	-3.47614885504	-8.33896209349
5.699943	0.4642505	0.0983276499432	-0.654214125884	-13.526301703	-3.86885186377	-8.56925319782
5.733276	0.467509	0.0754607546075	-0.895271724789	-13.6659280431	-4.14519842547	-5.63607176377
5.766609	0.4697385	0.038444967783	-1.11608239098	-13.8055543833	-4.30518854014	-0.751476235169
5.799942	0.470253	-0.00428754287543	-1.16800981841	-13.962634016	-4.17428753723	3.68465766922
5.833275	0.4693955	-0.0454479544795	-1.02985427754	-14.0848070636	-3.97066375492	5.61183059489
5.866608	0.466823	-0.0747461641283	-0.817856982058	-14.2244334038	-3.81067364026	7.23598890961
5.899941	0.4642505	-0.0976130594639	-0.657072516385	-14.3466064514	-3.46160429917	7.7692946249
5.933274	0.460306	-0.11805034717	-0.516773182634	-14.4513262065	-3.21434684922	6.24210098568
5.966607	0.45619	-0.132199238659	-0.387192813262	-14.5560459616	-3.08344584632	5.50274533495
5.99994	0.451388	-0.142775177752	-0.295367018422	-14.6607657168	-2.87982206401	5.51486591939
6.033273	0.446586	-0.150206918736	-0.255945049431	-14.7480321794	-2.67619828171	4.59370150208
6.066606	0.441441	-0.159067840678	-0.24486878624	-14.835298642	-2.57438639056	3.51496948708
6.099939	0.435953	-0.16692833595	-0.228671240069	-14.9225651046	-2.42894083177	2.10898169225
6.133272	0.4302935	-0.174360076934	-0.21283099271	-14.9923782746	-2.41439627589	0.484823377529
6.166605	0.424291	-0.180791391247	-0.200921032289	-15.0796447372	-2.48711905528	1.16357610607
6.199938	0.4182885	-0.187794377944	-0.188296474244	-15.1669111998	-2.35621805237	2.29079045882
6.233271	0.4117715	-0.194654446544	-0.149827302087	-15.2367243699	-2.22531704946	0.751476235169
6.266604	0.405083	-0.196083627503	-0.156139581109	-15.30653754	-2.31258438474	-0.67875272854
6.299937	0.398909	-0.202943696104	-0.207947908937	-15.3938040026	-2.34167349649	-0.230291104326
6.33327	0.391706	-0.213090880909	-0.170669732822	-15.4636171727	-2.34167349649	0.824199741799
6.366603	0.384503	-0.217664259976	-0.0393028693868	-15.5508836353	-2.29803982886	2.18170519888
6.399936	0.376957	-0.215234652347	0.0928976912779	-15.6206968053	-2.15259427007	2.25442870551
6.433269	0.370097	-0.209517928513	0.179483103533	-15.6905099754	-2.10896060243	1.2362996127
6.466602	0.3630655	-0.204229958966	0.278335775021	-15.7603231455	-2.09441604655	0.848440910675
6.499935	0.3562055	-0.19136733034	0.370399769069	-15.8301363156	-2.07987149067	1.2362996127
6.533268	0.350203	-0.175646339797	0.347889943875	-15.8999494857	-2.03623782304	2.25442870551
6.566601	0.344715	-0.165784991183	0.247965375949	-15.9697626557	-1.89079226425	2.18170519888
6.599934	0.339227	-0.159210758774	0.144586919502	-16.0221225333	-1.84715859661	0.824199741799
6.633267	0.3342535	-0.157352823528	0.0814641292744	-16.0919357034	-1.84715859661	-0.230291104326
6.6666	0.3287655	-0.156638233049	0.107904241407	-16.1442955809	-1.87624770837	-0.67875272854
6.699933	0.3236205	-0.150778591119	0.170312434009	-16.214108751	-1.96351504364	0.739355650731
6.733266	0.3188185	-0.146062293956	0.259160738744	-16.2839219211	-1.83261404073	2.18170519888
6.766599	0.3136735	-0.13491468248	0.367898677381	-16.3362817987	-1.70171303782	0.545426299719
6.799932	0.3095575	-0.117335756691	0.352415728835	-16.3886416762	-1.7889803731	-1.70900240579
6.833265	0.3061275	-0.10704565379	0.215570283606	-16.4584548463	-1.84715859661	-3.46648714933
6.866598	0.3026975	-0.104901882352	0.13065226581	-16.5108147239	-1.96351504364	-6.39966858338
6.899931	0.299096	-0.102186438531	0.166382147071	-16.5806278939	-2.31258438474	-7.90262105372
6.933264	0.2958375	-0.0974701413681	0.325380118681	-16.6678943565	-2.58893094643	-6.39966858338
6.966597	0.292236	-0.0814633146331	0.531065135138	-16.7551608191	-2.79255472874	-3.10286961618
6.99993	0.2903495	-0.0613118631186	0.717456015715	-16.8598805743	-2.80709928462	0.509064546405
7.033263	0.2879485	-0.0338715887159	0.885386457641	-16.9471470369	-2.67619828171	1.72112299023
7.066596	0.287777	0.00200085334187	0.912779366607	-17.0344134995	-2.63256461407	1.05449084612
7.099929	0.2882915	0.0320136534699	0.794037061217	-17.1216799621	-2.61802005819	0.424220455338
7.133262	0.290178	0.0547376307096	0.671007170076	-17.2089464247	-2.61802005819	0.169688182135
7.166595	0.2920645	0.0727453107864	0.657906213614	-17.2962128873	-2.61802005819	0.424220455338
7.199928	0.2948085	0.0970413870805	0.69208780002	-17.3834793499	-2.60347550231	1.06661143056
7.233261	0.2985815	0.119622446224	0.700186573106	-17.4707458125	-2.55984183468	1.81808766573
7.266594	0.302526	0.147920229202	0.603358594889	-17.5580122751	-2.42894083177	1.03024967725
7.299927	0.309043	0.16106869402	0.474969221559	-17.6278254451	-2.42894083177	-1.43022896371
7.33326	0.3133305	0.172073387401	0.526658449783	-17.7150919077	-2.57438639056	-2.48471980983
7.366593	0.3198475	0.198656153228	0.510341804007	-17.8023583703	-2.64710916995	-1.83020825017
7.399926	0.3270505	0.212519208525	0.328595807994	-17.8896248329	-2.7489210611	0.327255779832
7.433259	0.3342535	0.219522195222	0.159117071214	-17.9943445881	-2.61802005819	2.20594636776
7.466592	0.3417995	0.22095137618	0.0456151484095	-18.0641577581	-2.48711905528	1.13933493719
7.499925	0.3490025	0.22095137618	-0.00762237466895	-18.1514242207	-2.55984183468	0.399979286461
7.533258	0.3565485	0.220236785701	-0.0464488456389	-18.2386906833	-2.5452972788	1.68476123691
7.566591	0.3637515	0.217378423784	-0.0728889577719	-18.3259571459	-2.41439627589	2.35139338101
7.599924	0.3709545	0.216235079017	-0.124578185996	-18.395770316	-2.35621805237	2.23018753663
7.633257	0.378329	0.210089600896	-0.20235022754	-18.4830367786	-2.29803982886	2.66652857641
7.66659	0.3850175	0.202086187529	-0.260589933995	-18.5528499487	-2.15259427007	2.33927279658
7.699923	0.3918775	0.191510248436	-0.28369525721	-18.6226631188	-2.10896060243	1.16357610607
7.733256	0.3977085	0.182363490302	-0.271666197186	-18.6924762889	-2.09441604655	0.424220455338
7.766589	0.404054	0.173502568359	-0.249632770408	-18.7622894589	-2.09441604655	0.0848440910677
7.799922	0.4093705	0.163069547362	-0.162332760528	-18.832102629	-2.09441604655	0.0121205844381
7.833255	0.4145155	0.163212465458	-0.0948032849451	-18.9019157991	-2.09441604655	-0.0121205844384
7.866588	0.4203465	0.16106869402	-0.139108337708	-18.9717289692	-2.09441604655	-0.0969646755055
7.899921	0.4254915	0.153208198749	-0.168406840342	-19.0415421393	-2.09441604655	-0.509064546405
7.933254	0.430465	0.147491474915	-0.139108337708	-19.1113553093	-2.10896060243	-1.58779656141
7.966587	0.435267	0.143346850135	-0.0911111972149	-19.1811684794	-2.16713882595	-3.50284890264
7.99992	0.4398975	0.142775177752	-0.0805113324409	-19.2509816495	-2.35621805237	-5.01792195742
8.033253	0.444871	0.139916815835	-0.128270273726	-19.3382481121	-2.55984183468	-4.99368078854
8.066586	0.44933	0.134057173905	-0.182936992055	-19.4255145747	-2.67619828171	-5.07852487961
8.099919	0.453789	0.127768777688	-0.249513670804	-19.5127810373	-2.87982206401	-5.53910708826
8.133252	0.457905	0.118764937649	-0.354916820523	-19.6175007924	-3.08344584632	-5.16336897068
8.166585	0.4618495	0.105187718544	-0.493548759815	-19.7222205475	-3.19980229335	-5.41790124388
8.199918	0.465108	0.0851791851252	-0.622176332353	-19.8269403027	-3.41797063153	-6.15725689461
8.233251	0.467509	0.0638843888439	-0.755091490643	-19.9491133503	-3.65068352559	-5.64819234821
8.266584	0.469567	0.0357295239619	-0.897534617269	-20.0712863979	-3.85430730789	-3.24831662944
8.299917	0.4700815	0.00200085334187	-0.965540491269	-20.2109127381	-3.89794097553	0.351496948708
8.33325	0.4697385	-0.0327282439491	-0.905871589563	-20.3330857857	-3.83976275201	4.14523987787
8.366583	0.4676805	-0.0611689450228	-0.749374709641	-20.4727121259	-3.60704985795	7.26023007849
8.399916	0.465451	-0.0821779051124	-0.588947542781	-20.577431881	-3.25798051686	7.64808878051
8.433249	0.4621925	-0.100900175668	-0.414704821833	-20.6821516361	-3.08344584632	7.2965918318
8.466582	0.4584195	-0.109761097611	-0.252252961701	-20.7868713913	-2.8216438405	7.78141520933
8.499915	0.454818	-0.116049493828	-0.147207110794	-20.8741378539	-2.48711905528	6.278462739
8.533248	0.4505305	-0.117478674787	-0.109809835075	-20.9439510239	-2.37076260825	3.98767228017
8.566581	0.4471005	-0.121623299566	-0.130056767789	-21.0312174865	-2.29803982886	3.61193416259
8.599914	0.44247	-0.127197105304	-0.127436576497	-21.1010306566	-2.13804971419	3.58769299371
8.633247	0.4385255	-0.130198385317	-0.122672592328	-21.1708438267	-2.05078237892	3.43012539601
8.66658	0.433895	-0.135915109151	-0.104093054073	-21.2406569968	-1.89079226425	2.69076974528
8.699913	0.4292645	-0.136486781534	-0.100758265155	-21.2930168743	-1.84715859661	1.30902311933
8.733246	0.424977	-0.141631832985	-0.120528799453	-21.3628300444	-1.83261404073	0.775717404046
8.766579	0.419832	-0.14663396634	-0.087061810672	-21.415189922	-1.81806948486	0.824199741799
8.799912	0.41503	-0.147348556819	-0.0578824076424	-21.4850030921	-1.7889803731	1.19993785938
8.833245	0.4100565	-0.149206492065	-0.0603834993306	-21.5373629696	-1.68716848195	0.412099870899
8.866578	0.405083	-0.150778591119	-0.0801540336282	-21.5897228472	-1.77443581722	-0.0242411688766
8.899911	0.4001095	-0.155351970186	-0.0778911411484	-21.6595360172	-1.75989126134	1.19993785938
8.933244	0.3946215	-0.157066987337	-0.0383500725532	-21.7118958948	-1.64353481431	1.26054078157
8.966577	0.389648	-0.158353250199	0.0198896339018	-21.7642557724	-1.62899025843	0.315135195393
8.99991	0.3839885	-0.156781151145	0.103973954469	-21.8166156499	-1.70171303782	1.15145552163
9.033243	0.379015	-0.150206918736	0.1530429914	-21.88642882	-1.57081203492	2.37563454989
9.066576	0.3740415	-0.144918949189	0.158402473589	-21.921335405	-1.43991103201	1.15145552163
9.099909	0.369411	-0.140345570122	0.172337127281	-21.9736952826	-1.5126338114	0.315135195393
9.133242	0.364609	-0.134200092001	0.192941358808	-22.0260551602	-1.49808925552	1.26054078157
9.166575	0.3603215	-0.124767497675	0.13434435354	-22.0784150377	-1.38173280849	1.18781727495
9.199908	0.3565485	-0.122766644333	0.00345388852186	-22.1133216228	-1.36718825261	-0.121205844382
9.233241	0.352261	-0.125339170058	-0.104212153677	-22.1656815003	-1.45445558788	-0.0969646755059
9.266574	0.3483165	-0.131627566276	-0.151971094962	-22.2180413779	-1.36718825261	-0.399979286461
9.299907	0.3435145	-0.138773471068	-0.1105244327	-22.2529479629	-1.39627736437	-2.76349325191
9.33324	0.3387125	-0.137487208205	-0.10373575526	-22.3053078405	-1.57081203492	-4.69066617759
9.366573	0.3345965	-0.142060587273	-0.194013255246	-22.357667718	-1.77443581722	-5.03004254186
9.399906	0.3294515	-0.152493608269	-0.248799073179	-22.4274808881	-1.89079226425	-5.66031293265
9.433239	0.324135	-0.15763865972	-0.320377935304	-22.4798407657	-2.10896060243	-7.55112410501
9.466572	0.319333	-0.17278797788	-0.378617641759	-22.5671072283	-2.38530716413	-9.81767339495
9.499905	0.312816	-0.191224412244	-0.184247087701	-22.6369203984	-2.73437650522	-12.6781313224
9.533238	0.305956	-0.191796084628	0.233316124632	-22.7416401535	-3.3016141845	-13.2962811287
9.566571	0.2996105	-0.17621801218	0.715669521652	-22.8638132011	-3.69431719323	-11.2721435275
9.599904	0.293951	-0.146776884436	1.26186030652	-22.9859862488	-4.10156475783	-7.11478306523
9.633237	0.2889775	-0.0907529908632	1.71610619695	-23.1430658814	-4.27609942838	0.157567597697
9.66657	0.287434	-0.0205802058021	1.79256814285	-23.2826922216	-4.08702020196	6.95721546754
9.699903	0.2879485	0.0401599849332	1.50387070226	-23.4223185618	-3.67977263735	9.66010579726
9.733236	0.2906925	0.0826066593999	1.09559725906	-23.5270383169	-3.28706962862	7.64808878051
9.766569	0.293951	0.108474834748	0.801540336282	-23.631758072	-3.15616862571	4.8845955286
9.799902	0.2978955	0.13148464818	0.645519854777	-23.7364778271	-3.06890129044	4.84823377529
9.833235	0.3026975	0.152922362557	0.487236480792	-23.8411975822	-2.86527750813	5.78151877703
9.866568	0.3085285	0.163069547362	0.36504028688	-23.9284640448	-2.63256461407	5.34517773725
9.899901	0.313502	0.173359650263	0.343006860103	-24.0157305074	-2.44348538765	3.09074903174
9.933234	0.3198475	0.188366050327	0.278216675417	-24.0855436775	-2.41439627589	0.472702793091
9.966567	0.326536	0.191939002723	0.227599343631	-24.1728101401	-2.50166361116	0.0969646755059
9.9999	0.3325385	0.198370317036	0.305728683988	-24.2600766027	-2.41439627589	0.0606029221911
10.033233	0.3393985	0.213662553292	0.346937147042	-24.3298897728	-2.42894083177	-1.43022896371
10.066566	0.3469445	0.225238919056	0.281670563939	-24.4171562354	-2.55984183468	-1.4908318859
10.099899	0.3544905	0.234099840998	0.149470003274	-24.504422698	-2.58893094643	0.0727235066292
10.133232	0.3627225	0.236386530532	-0.0260828133203	-24.5916891606	-2.55984183468	1.84232883461
10.166565	0.37044	0.231956069561	-0.186033581764	-24.6789556232	-2.41439627589	2.18170519888
10.199898	0.378329	0.222523475235	-0.296200715651	-24.7487687933	-2.37076260825	1.22417902826
10.233231	0.3853605	0.209803764704	-0.325975616702	-24.8360352559	-2.35621805237	0.848440910675
10.266564	0.3922205	0.199656579899	-0.308825273697	-24.905848426	-2.34167349649	1.22417902826
10.299897	0.3987375	0.188223132231	-0.257850643098	-24.9931148886	-2.29803982886	2.18170519888
10.33323	0.4045685	0.182220572206	-0.193179558016	-25.0629280586	-2.15259427007	1.83020825017
10.366563	0.410914	0.176503848372	-0.154114887838	-25.1327412287	-2.12350515831	-0.0242411688765
10.399896	0.416402	0.169929615963	-0.0683631728122	-25.2025543988	-2.15259427007	-2.01201701674
10.433229	0.42189	0.172645059784	-0.00524038258491	-25.2723675689	-2.29803982886	-3.10286961618
10.466562	0.428064	0.172073387401	-0.0128627572539	-25.3596340315	-2.37076260825	-3.86646643579
10.499895	0.4333805	0.171358796921	-0.0303703990716	-25.4294472016	-2.48711905528	-6.08453338798
10.533228	0.439383	0.172073387401	-0.121719795495	-25.5167136642	-2.8216438405	-6.84813020759
10.566561	0.4450425	0.166213745471	-0.296081616047	-25.6214334193	-3.05435673456	-4.58158091765
10.599894	0.450702	0.152779444461	-0.478304010477	-25.7261531744	-3.12707951395	-2.10898169225
10.633227	0.455504	0.130770057701	-0.555956952417	-25.8308729295	-3.14162406983	-1.18781727494
10.66656	0.459277	0.11219070524	-0.531541533555	-25.9355926846	-3.15616862571	-2.10898169225
10.699893	0.4628785	0.0960409604096	-0.527968545429	-26.0403124398	-3.2288914051	-4.55733974877
10.733226	0.4656225	0.0807487241539	-0.632180699106	-26.1450321949	-3.46160429917	-6.66632144102
10.766559	0.468538	0.0570243202432	-0.826193954352	-26.2672052425	-3.79612908438	-5.15124838624
10.799892	0.4697385	0.023438567719	-0.954345128474	-26.4068315827	-3.88339641965	-1.12721435275
10.833225	0.4700815	-0.0104330209969	-0.9579181166	-26.5290046303	-3.85430730789	2.64228740753
10.866558	0.4690525	-0.0440187735211	-0.841915102107	-26.6686309705	-3.66522808147	5.17548955512
10.899891	0.466823	-0.0677431774318	-0.682798030892	-26.7733507256	-3.44705974329	5.68455410152
10.933224	0.464422	-0.0873229565629	-0.58013417207	-26.8955237732	-3.3016141845	6.08453338798
10.966557	0.460992	-0.105187718544	-0.517011381843	-27.0002435284	-2.99617851104	5.03004254186
10.99989	0.4573905	-0.121909135758	-0.464250257181	-27.087509991	-2.90891117577	2.48471980983
11.033223	0.45276	-0.135915109151	-0.421493499272	-27.1922297461	-2.87982206401	1.28478195045
11.066556	0.448301	-0.148634819682	-0.413752024999	-27.2794962087	-2.86527750813	1.32114370377
11.099889	0.4429845	-0.164355810225	-0.387788311283	-27.3842159638	-2.8216438405	2.27866987438
11.133222	0.4371535	-0.175074667413	-0.35086743398	-27.4714824264	-2.67619828171	2.25442870551
11.166555	0.4313225	-0.186222278889	-0.350152836355	-27.558748889	-2.63256461407	1.16357610607
11.199888	0.4248055	-0.198370317036	-0.349200039521	-27.6460153516	-2.61802005819	0.509064546405
11.233221	0.418117	-0.210947109471	-0.314422955094	-27.7332818142	-2.61802005819	0.496943961967
11.266554	0.410571	-0.219379277126	-0.269165105497	-27.8205482768	-2.60347550231	1.078732015
11.299887	0.4035395	-0.227954362877	-0.23665091355	-27.9078147394	-2.55984183468	1.83020825017
11.33322	0.395479	-0.238101547682	-0.130294966997	-27.995081202	-2.42894083177	1.10297318388
11.366553	0.387247	-0.236958202915	-0.0220334267774	-28.0648943721	-2.42894083177	-1.10297318388
11.399886	0.379701	-0.235814858149	-0.0153638489421	-28.1521608347	-2.55984183468	-1.84232883461
11.433219	0.3716405	-0.236958202915	-0.0474016424726	-28.2394272973	-2.60347550231	-1.15145552163
11.466552	0.363923	-0.239387810545	-0.0771765435231	-28.3266937599	-2.61802005819	-0.836320326237
11.499885	0.355691	-0.242532008653	-0.0867045118593	-28.4139602225	-2.63256461407	-1.26054078157
11.533218	0.347802	-0.24610496105	-0.0678867743954	-28.5012266851	-2.67619828171	-2.44835805652
11.566551	0.339227	-0.248534568679	-0.00809877308576	-28.5884931477	-2.8216438405	-3.19983429169
11.599884	0.330995	-0.244675780091	0.0222716259858	-28.6932129028	-2.89436661989	-3.98767228017
11.633217	0.3232775	-0.248534568679	0.11874230539	-28.7804793654	-3.01072306692	-6.66632144102
11.66655	0.314188	-0.243961189612	0.426733881857	-28.8851991205	-3.35979240801	-8.72682079551
11.699883	0.3064705	-0.222237639043	0.813807595515	-29.0073721681	-3.66522808147	-8.42380618456
11.733216	0.299096	-0.188937722711	1.18480286261	-29.1295452158	-3.95611919905	-6.15725689461
11.766549	0.2934365	-0.140345570122	1.44968038235	-29.2691715559	-4.21792120486	0.375738117585
11.799882	0.2896635	-0.0878946289463	1.54900945226	-29.4262511886	-4.01429742256	8.82378547102
11.833215	0.287434	-0.0320136534699	1.468140821	-29.5484242363	-3.46160429917	12.2054285293
11.866548	0.287777	0.0155780724474	1.21386316603	-29.6531439914	-2.99617851104	9.30860884855
11.899881	0.2889775	0.0480204802048	0.975663957626	-29.740410454	-2.76346561698	3.63617533146
11.933214	0.2910355	0.0764611812785	0.861090138383	-29.8276769166	-2.83618839637	0.0121205844377
11.966547	0.2941225	0.10290102901	0.840247707648	-29.9323966717	-2.86527750813	-0.521185130844
11.99988	0.2978955	0.130198385317	0.880503373868	-30.0196631343	-2.87982206401	-0.327255779832
12.033213	0.302526	0.16349830165	0.858589046695	-30.1243828894	-2.87982206401	-0.145447013258
12.066546	0.3088715	0.193796937969	0.669220676013	-30.211649352	-2.87982206401	-0.351496948708
12.099879	0.3160745	0.207231238979	0.495216154274	-30.3163691071	-2.89436661989	-0.727235066293
12.133212	0.3225915	0.221380130468	0.455794185283	-30.4036355697	-2.92345573165	-1.09085259944
12.166545	0.330652	0.238816138161	0.388741108117	-30.5083553249	-3.0252676228	0.0848440910677
12.199878	0.3387125	0.250249585829	0.241414897718	-30.61307508	-2.92345573165	1.53931422365
12.233211	0.347459	0.256823818238	0.0338242875935	-30.7003415426	-2.87982206401	1.97565526343
12.266544	0.3562055	0.251678766788	-0.156258680714	-30.8050612977	-2.8216438405	3.11499020062
12.299877	0.364266	0.243961189612	-0.280598667501	-30.8923277603	-2.66165372583	3.99979286461
12.33321	0.372498	0.233671086711	-0.416848614708	-30.9795942229	-2.55984183468	5.07852487961
12.366543	0.380044	0.216806751401	-0.56143553421	-31.0668606855	-2.34167349649	6.5329950122
12.399876	0.3870755	0.195654873215	-0.685775520997	-31.1366738556	-2.09441604655	7.07842131192
12.433209	0.3932495	0.169072107388	-0.751161203704	-31.2064870257	-1.84715859661	7.0420595586
12.466542	0.398223	0.144776031094	-0.781055204359	-31.2588469032	-1.61444570255	6.73904494765
12.499875	0.403025	0.117335756691	-0.8048751252	-31.3112067808	-1.45445558788	7.84201813152
12.533208	0.406112	0.0886092194255	-0.758307179957	-31.3635666583	-1.09084169091	8.88438839321
12.566541	0.4086845	0.0663139964733	-0.694469792104	-31.3810199509	-0.799950573336	8.24199741799
12.599874	0.410571	0.0435900192335	-0.653499528259	-31.4159265359	-0.538148567517	7.44203884506
12.633207	0.4116	0.0218664686647	-0.586922849509	-31.4159265359	-0.305435673456	6.64208027214
12.66654	0.411943	0.0030012800128	-0.484258990687	-31.4333798284	-0.145445558788	6.93297429866
12.699873	0.4116	-0.0100042667093	-0.388741108117	-31.4333798284	0.189079226425	6.22998040124
12.733206	0.411257	-0.0214377143771	-0.327762110765	-31.4159265359	0.37815845285	2.90894026517
12.766539	0.410228	-0.032871162045	-0.249037272387	-31.3984732434	0.319980229335	1.32114370377
12.799872	0.408856	-0.0387308039747	-0.165072051425	-31.3984732434	0.349069341092	2.77561383635
12.833205	0.407484	-0.0404458211249	-0.169359637176	-31.3810199509	0.523604011638	3.85434585135
12.866538	0.406455	-0.0488779887799	-0.20604231527	-31.3635666583	0.698138682185	2.60592565422
12.899871	0.4042255	-0.0575959926266	-0.159355270423	-31.3286600733	0.727227793942	0.460582208652
12.933204	0.402339	-0.0591680916809	-0.114812018451	-31.3112067808	0.639960458669	0.496943961967
12.966537	0.4004525	-0.0644560612273	-0.0861090138383	-31.2937534883	0.741772349821	1.11509376832
12.99987	0.39788	-0.0653135698024	-0.0426376583045	-31.2588469032	0.770861461579	0.315135195394
13.033203	0.396165	-0.0671715050484	0.00690777704374	-31.2413936107	0.770861461579	-0.824199741799
13.066536	0.393421	-0.0681719317193	0.145063317919	-31.2064870257	0.727227793942	-2.27866987438
13.099869	0.3911915	-0.0573101564349	0.276549280958	-31.1890337331	0.581782235154	-2.75137266747
13.133202	0.389648	-0.0465912992463	0.323117226201	-31.1715804406	0.523604011638	-2.7271314986
13.166535	0.3881045	-0.0353007696744	0.340624868019	-31.1541271481	0.450881232244	-3.83010468248
13.199868	0.387247	-0.0232956496232	0.325022819868	-31.1366738556	0.261802005819	-4.59370150208
13.233201	0.386561	-0.012148038147	0.264162922121	-31.1366738556	0.0727227793942	-3.40588422714
13.266534	0.386561	-0.00457337906712	0.165667549446	-31.1366738556	0.0145445558788	-1.4908318859
13.299867	0.3863895	-0.00171501715017	0.0743181530223	-31.1366738556	0	-0.0969646755059
13.3332	0.3863895	0.00114334476678	-0.0332287895725	-31.1366738556	0.0145445558788	0.981767339495
13.366533	0.3867325	-0.00371587049204	-0.135535349582	-31.1366738556	0.0581782235154	1.9029317568
13.399866	0.386218	-0.0108617752844	-0.153519389817	-31.1366738556	0.189079226425	1.52719363921
13.433199	0.385875	-0.0151493181598	-0.131366863435	-31.1192205631	0.203623782304	0.0484823377533
13.466532	0.385189	-0.0188651886519	-0.113978321222	-31.1192205631	0.116356447031	0.424220455338
13.499865	0.3846745	-0.0230098134315	-0.0856326154215	-31.1192205631	0.218168338183	1.18781727495
13.533198	0.3836455	-0.0265827658277	-0.0110762631908	-31.1017672705	0.24725744994	0.739355650731
13.566531	0.3826165	-0.0225810591439	0.0292985026338	-31.1017672705	0.261802005819	0.33937636427
13.599864	0.3822735	-0.0218664686647	-0.0051212829807	-31.084313978	0.261802005819	0.0727235066286
13.633197	0.3812445	-0.0232956496232	-0.0340624868019	-31.084313978	0.261802005819	0.0121205844378
13.66653	0.38073	-0.025296502965	-0.0334669887809	-31.0668606855	0.261802005819	4.44093650787E-13
13.699863	0.3795295	-0.0265827658277	-0.000595498021012	-31.0668606855	0.261802005819	7.10549841258E-13
13.733196	0.3788435	-0.0245819124858	0.0148874505253	-31.049407393	0.261802005819	2.66456190472E-13
13.766529	0.377986	-0.0250106667733	0.0161975461715	-31.049407393	0.261802005819	-2.66456190472E-13
13.799862	0.3771285	-0.0238673220066	0.0270356101539	-31.0319541005	0.261802005819	-0.0121205844389
13.833195	0.3764425	-0.0238673220066	0.0532375230785	-31.0319541005	0.261802005819	-0.0727235066297
13.866528	0.3754135	-0.0204372877062	0.0795585356072	-31.0145008079	0.261802005819	-0.33937636427
13.899861	0.3750705	-0.01686433531	0.057644208434	-31.0145008079	0.24725744994	-0.739355650731
13.933194	0.3743845	-0.0160068267349	0.0202469327144	-30.9970475154	0.218168338183	-1.18781727494
13.966527	0.3740415	-0.0161497448308	0.000595498021012	-30.9970475154	0.116356447031	-0.424220455338
13.99986	0.3733555	-0.0177218438851	0.030013100259	-30.9970475154	0.203623782304	-0.0484823377531
14.033193	0.3726695	-0.0141488914889	0.0646710850819	-30.9795942229	0.189079226425	-1.52719363922
14.066526	0.372498	-0.0124338743387	0.0751518502517	-30.9795942229	0.0581782235154	-1.91505234124
14.099859	0.371812	-0.00957551242179	0.0914684960274	-30.9795942229	0.0145445558788	-1.078732015
14.133192	0.371812	-0.0057167238339	0.0856326154215	-30.9795942229	0	-0.412099870899
14.166525	0.371469	-0.00314419810865	0.0621699933936	-30.9795942229	0	-0.0848440910675
14.199858	0.3716405	-0.00142918095848	0.0364444788859	-30.9795942229	0	-0.0121205844382
14.233191	0.371469	-0.00228668953356	0.050617331786	-30.9795942229	0	0
14.266524	0.3712975	0.00171501715017	0.0708642645004	-30.9795942229	0	0
14.299857	0.3716405	0.00414462477958	0.0477589412852	-30.9795942229	0	0
14.33319	0.3716405	0.00485921525882	0.0266783113413	-30.9795942229	0	-0.0121205844382
14.366523	0.3719835	0.00514505145051	0.0245345184657	-30.9795942229	0	-0.0848440910675
14.399856	0.3719835	0.00528796954636	0.0521656266407	-30.9795942229	0	-0.412099870899
14.433189	0.372155	0.0100042667093	0.0439477539507	-30.9795942229	-0.0145445558788	-1.06661143056
14.466522	0.372841	0.00971843051764	-0.00345388852187	-30.9795942229	-0.0581782235154	-1.83020825017
14.499855	0.372841	0.00843216765501	-0.0189368370682	-30.9795942229	-0.189079226425	-1.10297318388
14.533188	0.3733555	0.00786049527162	-0.018222239443	-30.9970475154	-0.189079226425	1.10297318388
14.566521	0.3733555	0.00743174098408	-0.0154829485463	-30.9970475154	-0.0581782235154	1.81808766573
14.599854	0.37387	0.00700298669653	-0.0153638489421	-30.9970475154	-0.0145445558788	0.981767339495
14.633187	0.37387	0.00528796954636	0.0115526616076	-30.9970475154	0	-8.39021855404E-14
14.66652	0.3740415	0.00828924955916	0.0258446141119	-30.9970475154	-0.0145445558788	-0.981767339496
14.699853	0.374556	0.00800341336747	0.0145301517127	-30.9970475154	-0.0581782235154	-1.81808766573
14.733186	0.374556	0.00843216765501	0.0203660323186	-30.9970475154	-0.189079226425	-1.11509376832
14.766519	0.3750705	0.00971843051764	0.0144110521085	-31.0145008079	-0.189079226425	1.01812909281
14.799852	0.375242	0.00986134861349	0.000595498021012	-31.0145008079	-0.0581782235154	1.41810837927
14.833185	0.3757565	0.00957551242179	-0.00702687664794	-31.0145008079	-0.0290891117577	-0.00242411688721
14.866518	0.375928	0.00800341336747	0.0198300840997	-31.0145008079	-0.0581782235154	-1.44356160659
14.899851	0.3760995	0.011290529572	0.0381714231469	-31.0145008079	-0.189079226425	-1.10660935921
14.933184	0.3767855	0.0120051200512	0.0201159231498	-31.0319541005	-0.191988137601	0.890862956209
14.966517	0.376957	0.0116478248116	0.0246536180699	-31.0319541005	-0.0799950573336	1.79142237997
14.99985	0.3774715	0.0134343010097	0.0375163753237	-31.0319541005	-0.0290891117577	1.8447529515
